0115
0002
0402
0038
0321
0240
0124
0445
0309
0131
0165
0436
0246
0371
0193
0387
0088
0247
0406
0492
0496
0266
0084
0112
0333
0385
0319
0218
0399
0330
0329
0273
0116
0059
0311
0099
0236
0439
0213
0199
0258
0022
0056
0144
0241
0448
0374
0434
0070
0277
0367
0381
0345
0317
0211
0125
0245
0191
0424
0428
0044
0313
0320
0478
0129
0294
0324
0368
0006
0325
0471
0423
0373
0160
0050
0271
0414
0248
0467
0071
0028
0106
0444
0164
0264
0234
0029
0011
0188
0370
0210
0080
0194
0073
0422
0243
0045
0014
0289
0203
0216
0384
0082
0284
0460
0475
0393
0336
0091
0158
0438
0230
0259
0479
0098
0177
0037
0114
0359
0135
0145
0079
0304
0126
0281
0134
0269
0366
0185
0189
0261
0192
0351
0111
0196
0275
0074
0276
0267
0004
0157
0180
0136
0389
0119
0031
0442
0214
0305
0010
0437
0408
0130
0018
0090
0003
0452
0108
0433
0001
0235
0034
0297
0420
0480
0463
0015
0302
0013
0226
0174
0227
0076
0425
0103
0217
0110
0299
0140
0123
0060
0396
0061
0207
0488
0212
0142
0363
0094
0205
0149
0454
0362
0195
0339
0310
0292
0232
0462
0360
0186
0055
0057
0494
0328
0490
0391
0412
0344
0427
0483
0377
0007
0068
0316
0430
0058
0388
0285
0253
0300
0473
0155
0148
0472
0335
0132
0249
0052
0418
0219
0067
0392
0441
0128
0456
0451
0410
0151
0449
0260
0237
0407
0346
0400
0278
0274
0062
0338
0262
0332
0152
0375
0221
0429
0357
0048
0312
0120
0118
0415
0143
0303
0133
0138
0202
0122
0104
0109
0047
0105
0394
0016
0113
0431
0341
0405
0443
0178
0198
0337
0063
0465
0005
0290
0154
0327
0461
0054
0365
0352
0163
0190
0256
0025
0354
0382
0334
0222
0087
0100
0239
0476
0041
0171
0040
0072
0342
0288
0197
0093
0077
0440
0023
0201
0419
0166
0049
0353
0043
0323
0293
0482
0361
0039
0175
0009
0173
0340
0024
0487
0432
0358
0012
0036
0224
0459
0244
0172
0286
0121
0223
0469
0215
0150
0251
0446
0228
0295
0233
0097
0159
0486
0137
0161
0206
0376
0168
0046
0426
0457
0153
0372
0127
0401
0066
0065
0477
0378
0183
0287
0468
0257
0272
0435
0139
0270
0064
0318
0307
0484
0254
0167
0447
0263
0417
0117
0020
0421
0078
0383
0075
0453
0000
0397
0069
0176
0146
0386
0204
0042
0413
0053
0231
0184
0255
0162
0474
0033
0343
0308
0101
0356
0282
0398
0348
0187
0489
0238
0169
0019
0156
0493
0179
0481
0081
0306
0495
0030
0379
0208
0089
0220
0147
0314
0242
0411
0355
0296
0141
0181
0326
0485
0035
0491
0409
0096
0051
0380
0225
