1281
1998
0044
0827
0733
1181
1842
0819
0906
0550
0847
1348
0025
1362
1044
0180
0365
0322
0822
1377
1039
1666
0266
1461
1379
1077
0254
0015
1660
1263
0155
0436
0695
0969
1300
0814
0074
0615
1067
0031
1584
0523
1658
0056
0949
0923
1950
1522
1292
0216
1303
0317
0105
1340
1962
1094
0690
0344
0676
1085
0484
0986
1384
0468
1795
0055
1603
1724
0763
1051
1891
1171
1247
1319
1225
1337
0974
1556
0892
1329
0420
0650
1777
0187
0386
0498
0708
0104
0728
0738
0911
1169
0868
1628
0339
0288
0559
0106
0045
0321
1418
0297
0534
0115
0828
0290
1131
0700
1359
1429
0945
1366
0941
1823
1855
0912
0659
1587
0669
0486
0212
1428
0494
0154
0367
0255
0765
1943
1592
0541
0140
1373
1667
1050
0533
1469
1867
0685
0692
1378
0515
0414
0062
1081
1058
1776
1702
1864
0073
1645
0989
0816
0433
0497
1582
1756
1251
1986
1760
0905
1808
0305
0644
1623
1740
1023
0815
1259
0883
0083
1643
1636
1685
1152
0776
0812
1503
0724
1072
0601
1009
1709
0834
0578
0159
1629
0379
0122
0396
1201
0385
1870
1655
0873
1782
1710
0130
1542
1075
0377
0247
1754
1475
1528
0152
1896
1548
0390
1652
0726
1665
1647
1059
0421
1873
0133
1974
0824
0048
1918
0936
1203
1315
0332
0003
1976
1995
0206
1517
0139
0224
1197
1534
0375
0600
0174
1796
1781
0800
1095
0916
0794
1237
0060
1753
1914
0720
0047
0355
1611
0893
1637
0646
0898
1246
1917
1325
0237
1749
1928
0521
0116
1285
1112
0374
1987
0507
0513
1939
1184
1743
1696
0109
0179
1824
1360
1953
1314
1786
0854
0591
1930
1431
0037
1316
0299
0867
1144
1052
1530
0356
0571
1494
1280
0734
0222
0110
0248
0450
0167
0917
0482
0072
0702
0249
0886
0012
0871
0351
1866
0544
1938
1993
1048
0244
1557
0036
1142
0051
1673
0071
0079
1532
1126
0958
0697
1412
0347
0689
1049
1805
0241
0998
0826
1037
0129
0340
1086
0931
0034
0415
1967
1988
1844
1413
0966
1829
1656
0492
0158
1735
1127
0076
0271
1120
1941
0951
1765
1951
1759
1103
0730
1207
0686
1063
0628
1700
0364
0118
1697
1815
1558
1030
0642
1033
1365
1349
1817
0346
1990
0678
0033
0148
0141
1177
1843
1586
1293
0490
0633
0252
1369
1010
1937
1984
1438
0833
1608
1071
0306
0802
1545
1021
0788
1227
0370
0707
0532
1350
0102
0699
1166
1213
1924
1078
1733
0470
0358
0278
1099
0487
1294
0065
0791
0933
0604
0706
1675
0095
1708
1111
1541
0469
1025
0264
0837
1949
1546
0307
1649
0888
0418
1559
1036
1923
1639
0336
1254
0991
0353
0171
1289
1609
0856
1575
0666
0869
0432
0181
0032
1287
0638
0585
1301
1159
0619
0409
1317
0448
0880
1447
1038
0235
1784
1983
1909
0746
1600
0203
1981
1198
0660
1115
1547
1762
0401
0457
0524
1229
1971
1456
0797
0665
0939
0903
0277
0304
0514
1470
0100
0024
1313
1473
0613
1669
1080
0859
0280
0163
0889
1957
0611
0473
1352
1874
1634
1840
1138
1694
0061
1780
0245
1948
1847
1573
1650
1088
1904
1936
0324
1463
0517
1789
1955
1686
0956
0740
1032
0790
1907
0655
1688
1097
1576
1320
0229
0831
0142
0777
0279
0078
0675
1916
1343
1644
0830
1968
0750
0184
0371
1457
1179
1135
0589
1212
1788
1288
0768
1191
0987
1464
0030
1228
1205
1330
1410
0631
0897
0930
0066
1408
1683
0054
0089
1183
1005
0201
1890
0841
1355
1322
1994
1872
0038
0896
1921
0197
0783
0622
1728
1787
1420
0488
1129
0741
0643
0580
1042
1818
1403
1933
1871
1934
1536
1034
0166
1793
1344
0428
1272
0210
1617
0640
0920
0901
1999
1155
0960
0913
0334
0329
1490
0530
0476
1560
0302
0467
0292
0725
1770
1331
1436
1128
0762
1117
0052
0874
0447
0027
1946
0315
1226
1318
0595
0789
0516
0053
0909
1540
1832
1380
1445
0108
0049
1210
0549
0058
0803
0825
1551
0057
0988
1019
1868
0761
0285
1386
1020
1757
1336
0555
1790
0718
0603
1342
0556
1664
1826
0136
1819
0086
0606
1047
0624
1250
1022
1711
0884
1562
0735
1991
1401
1223
1841
0117
1236
1499
1654
1919
0955
0240
1689
1396
0813
1472
0617
1459
1074
0101
1913
1000
1564
0527
1468
0452
0097
1382
0672
1426
1187
0562
0553
0137
1102
1480
0195
0485
0961
1763
0160
1425
1440
0717
1441
0435
1485
0504
0612
1395
0584
1620
0458
0844
0804
1214
1004
0736
1222
1345
0865
0260
0710
0319
1572
0543
1834
0227
1234
1992
1105
0801
0406
1351
0910
1006
0134
0454
0151
1723
1409
1309
1165
1848
1653
0577
0522
0043
0006
1270
1860
1588
0363
0758
0438
1698
0017
1813
0186
1905
1996
1902
1626
0474
1520
0120
1491
1168
1454
0149
0821
1284
1681
0262
1563
1672
0691
0568
0992
0226
0345
0538
1705
1518
1089
0395
0964
0654
0281
1884
1767
0704
0286
0996
0881
0705
1374
1755
1554
1680
0671
0808
1194
0463
0283
1045
0948
0019
1310
0309
1096
1539
1107
0932
1356
0189
0164
0701
1321
1123
1332
1481
1912
0679
0480
0656
1985
0011
0461
1613
1196
0588
0190
0947
0860
0877
0424
0127
1347
1752
0798
0891
1797
0445
1432
0132
1802
0921
1820
1167
0407
1594
1768
0323
1897
0872
0645
0942
1087
0977
0098
0274
0273
1496
0716
1952
1527
0294
1926
1084
0400
1693
0664
1151
0084
1521
1326
0272
0572
1922
1402
1244
0785
1593
0850
1304
1479
1385
0537
0412
0402
1989
0546
1851
0855
0182
1684
0845
1202
1956
0975
0029
0196
0737
1305
0582
1849
1282
0626
0348
0727
0849
1869
0296
1163
0811
0684
1098
0787
1161
1148
1744
0542
1471
0709
0775
0333
1118
1298
0842
1338
1947
0289
1774
0198
1261
1299
1134
1678
1569
1256
1173
0205
1389
1809
0223
1273
1014
0784
0764
0325
1404
0981
0594
0069
0124
1066
1945
1235
0677
0218
1691
0293
0885
0999
1268
0502
1269
1550
0982
0207
1538
0392
1908
0391
0593
1800
0732
0574
1416
1910
0479
0265
1147
1279
0384
0225
0651
1516
1124
0023
0607
0990
1853
0635
0310
1156
0021
1589
1182
0373
1965
1858
0220
0780
0636
0477
1977
1220
1041
1714
1046
0531
1773
1599
1061
0301
1792
1880
0369
0200
0508
0560
1140
1028
1742
1602
1747
0714
0081
1069
1734
0258
1641
0188
0352
1361
0342
1497
0194
0755
0493
1997
1601
0087
0147
0561
1339
1861
0773
0169
1178
1750
0341
1663
0393
1889
0946
0085
1810
0397
0744
1154
1449
1668
0004
1312
1745
0251
1717
0551
1421
1174
0360
1961
1509
1224
0908
1160
1595
1638
0528
1358
1695
0937
1231
0316
1964
0204
0983
0368
0028
1394
1110
1176
0661
1334
0953
1830
1132
1811
1553
0547
0431
1216
0153
0878
0440
1477
1929
1932
1659
1057
1531
0175
0082
1712
0242
0443
1958
1018
0914
1577
0688
0590
0143
0995
1882
0757
0634
0080
1274
1960
1555
1739
0185
1262
0157
1778
1876
1549
1478
0767
1335
0663
1612
0818
0070
1405
0156
0832
0641
1619
1975
1679
1616
1505
0378
1779
0519
1878
0820
0221
0427
0649
0366
0000
1430
0437
0674
1453
0093
1614
1978
1125
0967
1495
1590
0694
1751
0177
0063
1003
1885
1149
1064
1596
1898
1002
0792
0587
0535
0984
1671
1170
0944
1458
0760
0496
0423
0040
0455
0973
1433
1799
0839
0067
0843
1704
0681
1435
0938
0511
0113
1687
1727
0667
0922
1104
1618
1264
1370
1249
1364
0796
0441
1258
1172
1054
0919
0449
0481
1570
1959
1208
0383
0320
1580
1504
1852
1186
1215
1040
1308
1648
0985
1012
0586
0128
0848
0275
1467
0835
0968
0599
0754
0683
0213
0752
0413
0411
1615
1972
1862
0091
0112
0994
0219
1393
0557
1501
1827
1500
1092
0236
0962
1888
1079
0466
1900
0362
1850
0894
1206
1801
1221
0778
1333
0858
0943
0748
0722
1240
0971
1865
1731
0005
1845
0605
0970
0131
0662
1895
1283
0554
0039
0518
1642
1720
0520
0483
1482
0753
1245
1533
0609
0829
1466
1407
1718
0403
1397
1625
0228
1899
1598
0125
1199
0616
0630
1450
0261
0330
1581
0774
1886
1690
0526
0565
1635
1486
0313
0870
0257
0596
1232
1328
0997
1372
0575
0446
1543
1114
0008
1670
1610
0123
0291
0503
0510
0721
1119
1255
0416
0713
1053
1746
1239
0146
0398
0050
1242
0751
1502
0864
1271
1443
1676
1807
1204
0256
1854
0779
0861
1903
1512
0016
0214
0335
0135
1400
1026
1108
1732
0020
1507
1713
1068
1190
0623
1398
0809
0807
1341
0505
0372
0442
1278
0680
1772
1195
1043
0114
0876
0742
1828
1056
0150
1253
0451
0010
0239
0191
1354
0639
1525
1651
1544
0501
0940
1803
0381
1439
1411
1716
1835
1906
1375
1306
1736
1008
0243
1302
1838
1524
1737
0976
1076
1591
0475
0425
1357
0338
1323
1567
1133
1738
0929
1017
0506
0009
1927
1911
1113
1153
1158
1632
1070
0183
1116
1508
0781
1837
1353
1291
1489
0267
0165
0282
0658
0993
0980
0552
1875
0647
0739
0417
0954
1677
0570
1831
0119
0238
1029
1024
0246
0766
0472
1630
1707
1146
1055
0459
1193
1729
0211
0558
0840
0852
0202
1925
0926
1266
1082
0426
0904
0022
0795
1419
0172
0042
1238
1571
0068
0918
0434
1073
0972
0959
1383
1031
1758
1510
0215
0298
0500
1415
0900
1093
1451
0950
0673
0331
0126
1013
0314
0583
1065
0711
0357
1444
1488
0927
0007
0928
1657
0170
0756
1703
1881
1722
1462
1145
0046
1217
0614
0862
0145
0648
1537
1633
1856
0548
0259
0173
0719
0743
0866
1604
1798
1973
0300
0838
0539
1368
1211
0693
0810
1391
1883
0670
0924
0075
1130
0359
1674
1566
1940
1484
0389
0620
0712
0232
1175
0668
0935
0915
0602
0952
0099
0567
1771
1825
0233
1424
0579
1252
1487
0234
1529
1859
1083
1915
1662
0311
0303
0041
1162
0817
1821
1535
1121
0573
0138
0529
1942
0729
1766
1035
1846
1192
0772
1136
0682
1219
1286
0464
0176
1276
1016
1434
0013
1143
1816
0387
1241
0209
1248
0879
1492
1607
0478
1427
1448
0269
1726
1640
0284
1399
1452
0978
1307
1748
1523
0536
0657
0312
1526
0731
1692
0509
1109
0410
1311
0230
1437
0836
1719
0327
0545
1715
0770
1230
0499
0857
1367
0161
1200
0354
0608
1260
0287
1920
0882
0771
0965
1741
0749
1585
0963
1233
1887
1483
1465
0268
0276
1460
0629
1682
0782
1493
1791
1806
1257
0806
0453
1561
1324
1297
0350
0853
1894
1725
1164
0295
0002
0715
0618
0632
1621
1627
1597
0747
1090
1833
1857
1209
0863
0495
1775
1001
0598
1474
1515
0799
1624
0899
1579
0253
0144
0430
